<?xml version="1.0" standalone="no"?>
<!DOCTYPE svg PUBLIC "-//W3C//DTD SVG 20010904//EN"
 "http://www.w3.org/TR/2001/REC-SVG-20010904/DTD/svg10.dtd">
<svg version="1.0" xmlns="http://www.w3.org/2000/svg"
 width="1000.000000pt" height="200.000000pt" viewBox="0 0 1000.000000 200.000000"
 preserveAspectRatio="xMidYMid meet">
<metadata>
Created by potrace 1.16, written by Peter Selinger 2001-2019
</metadata>
<g transform="translate(0.000000,200.000000) scale(0.100000,-0.100000)"
fill="#000000" stroke="none">
<path d="M4702 1568 c-7 -7 -12 -20 -12 -30 0 -15 -9 -18 -58 -18 -32 0 -62
-3 -65 -6 -7 -7 56 -56 87 -67 23 -9 18 -39 -25 -164 -17 -48 -35 -108 -40
-132 -5 -24 -28 -107 -51 -184 l-42 -140 -45 -28 c-100 -61 -106 -58 107 -59
105 0 192 3 192 7 0 4 -12 19 -26 34 -21 22 -24 30 -15 47 8 16 8 24 -3 34
-11 12 -11 21 -1 54 7 21 20 67 30 102 10 34 21 62 24 62 4 0 16 -41 28 -92
43 -178 94 -234 221 -245 40 -3 72 -2 72 3 0 4 -15 24 -34 44 -62 64 -113 198
-104 278 3 31 8 35 56 51 29 10 64 29 79 42 40 37 73 116 73 175 0 70 -29 111
-104 148 -54 28 -69 30 -195 34 l-137 4 4 29 c5 32 2 35 -16 17z m234 -157
c84 -51 28 -194 -92 -235 -26 -9 -51 -13 -55 -9 -6 7 41 186 64 246 8 22 44
22 83 -2z"/>
<path d="M8174 1526 c-138 -46 -224 -145 -224 -259 0 -81 31 -121 138 -177 82
-43 112 -79 112 -132 0 -89 -93 -154 -212 -149 -40 2 -80 42 -98 97 -8 27 -19
49 -25 49 -9 0 -115 -172 -115 -187 0 -7 29 -16 102 -32 17 -4 28 -14 30 -28
4 -28 28 -36 28 -10 0 22 18 32 46 27 11 -2 23 -4 28 -4 5 -1 0 -11 -12 -24
-27 -29 -29 -67 -4 -67 29 0 55 35 48 64 -5 22 -2 25 37 31 138 20 204 50 267
122 22 25 45 64 51 87 15 54 7 134 -16 169 -10 16 -66 61 -124 100 -58 39
-111 78 -118 86 -33 42 8 121 80 154 36 17 112 21 137 7 10 -5 27 -43 40 -90
12 -44 26 -80 30 -80 11 0 31 26 56 75 12 24 32 60 43 79 l22 35 -23 15 c-64
41 -252 65 -324 42z"/>
<path d="M1010 1510 c0 -5 9 -14 20 -20 11 -6 20 -20 20 -31 0 -15 5 -18 23
-14 46 11 49 -5 20 -105 -14 -52 -33 -103 -42 -113 -9 -11 -14 -30 -13 -43 5
-35 -72 -254 -135 -382 -79 -164 -186 -297 -287 -360 -47 -29 50 0 129 38 202
98 369 312 446 573 7 27 19 52 24 57 6 5 30 4 55 -1 25 -6 73 -8 107 -5 113
10 181 64 209 168 19 72 10 121 -33 169 -61 67 -111 79 -343 79 -122 0 -200
-4 -200 -10z m387 -112 c52 -49 9 -164 -77 -208 -37 -19 -90 -27 -90 -14 0 5
36 132 67 238 4 15 12 17 40 13 20 -4 47 -17 60 -29z m-70 -284 c-3 -3 -12 -4
-19 -1 -8 3 -5 6 6 6 11 1 17 -2 13 -5z m-307 -89 c-7 -9 -15 -13 -17 -11 -7
7 7 26 19 26 6 0 6 -6 -2 -15z"/>
<path d="M1686 1512 c-3 -4 20 -23 50 -41 30 -17 54 -37 54 -43 0 -7 -39 -145
-87 -307 l-88 -294 -44 -26 c-107 -63 -116 -60 189 -61 l275 0 15 -33 c19 -41
43 -42 50 -2 4 23 11 31 32 33 23 3 29 11 47 70 43 145 41 147 -45 72 l-57
-50 -133 0 c-73 0 -135 3 -137 8 -2 4 24 102 58 217 114 388 112 381 155 416
22 18 37 36 34 40 -7 11 -361 12 -368 1z"/>
<path d="M2646 1498 c-8 -13 -91 -171 -184 -351 -165 -323 -169 -329 -215
-356 -86 -50 -84 -51 76 -51 81 0 147 4 147 9 0 5 -17 24 -37 41 l-37 33 54
106 55 106 118 3 117 3 0 -34 c0 -19 3 -68 6 -109 l7 -75 -57 -34 c-31 -19
-56 -37 -56 -41 0 -5 83 -8 185 -8 102 0 185 4 185 9 0 5 -7 14 -15 21 -8 7
-15 18 -15 25 0 8 -11 22 -24 32 -23 17 -25 26 -35 193 -6 96 -14 206 -16 243
-3 38 -6 105 -6 150 0 45 -5 88 -11 95 -7 8 -44 12 -119 12 -102 0 -109 -1
-123 -22z m79 -236 c7 -115 7 -122 -11 -123 -11 0 -39 -2 -64 -3 -99 -6 -98
-11 -17 145 52 101 74 133 78 120 4 -9 10 -72 14 -139z"/>
<path d="M3110 1510 c34 -6 34 -7 12 -16 -23 -10 -22 -11 21 -34 42 -22 50
-33 111 -157 36 -73 66 -139 66 -146 -1 -36 -101 -333 -115 -342 -10 -5 -38
-23 -64 -40 l-46 -30 125 -3 c68 -1 128 -6 133 -11 9 -9 127 8 127 19 0 4 -16
20 -35 34 -19 15 -35 34 -35 43 0 17 63 240 81 284 13 34 368 375 386 371 7
-2 29 -12 49 -24 41 -24 41 -17 -9 -178 -30 -95 -35 -105 -57 -105 -31 0 -38
-29 -15 -55 16 -18 15 -26 -23 -157 -25 -84 -47 -142 -57 -148 -10 -5 -38 -23
-64 -40 l-46 -30 330 -3 c280 -2 332 0 341 12 14 20 49 164 41 172 -3 3 -30
-14 -60 -40 -61 -52 -81 -59 -67 -22 6 18 5 28 -6 36 -19 17 -40 -1 -48 -40
l-5 -30 -100 0 c-55 0 -103 4 -106 10 -6 9 49 208 67 243 8 15 21 17 90 15
l82 -3 26 -44 c27 -47 47 -61 54 -39 65 200 84 278 70 278 -3 0 -33 -22 -66
-50 l-60 -50 -79 0 c-62 0 -79 3 -79 15 0 23 52 199 63 213 6 8 43 12 117 12
l107 0 27 -51 c15 -27 33 -48 39 -46 15 4 58 135 55 162 -3 20 -12 20 -470 23
-261 1 -468 -2 -468 -7 0 -4 12 -6 26 -3 14 2 29 0 33 -5 3 -5 15 -15 26 -21
19 -11 19 -11 -5 -12 -20 0 -22 -2 -10 -10 12 -8 -1 -26 -70 -95 -46 -47 -88
-85 -93 -85 -14 0 -78 150 -70 163 4 6 20 22 35 35 15 13 28 28 28 33 0 5 -80
8 -187 8 -104 -1 -172 -5 -153 -9z m758 -7 c-10 -2 -26 -2 -35 0 -10 3 -2 5
17 5 19 0 27 -2 18 -5z m-703 -33 c3 -6 -1 -7 -9 -4 -18 7 -21 14 -7 14 6 0
13 -4 16 -10z"/>
<path d="M5536 1511 c-3 -4 17 -20 45 -36 28 -15 53 -34 56 -42 13 -33 -127
-461 -202 -620 -29 -61 -50 -115 -46 -120 3 -4 2 -5 -3 -1 -5 4 -30 -23 -56
-61 -27 -37 -79 -96 -116 -131 -68 -62 -68 -63 -34 -56 97 18 260 130 346 236
67 83 139 224 179 348 l30 93 45 -8 c172 -30 282 16 326 139 44 125 -8 218
-141 253 -65 17 -419 22 -429 6z m364 -96 c37 -19 53 -49 45 -85 -5 -21 -11
-27 -24 -23 -25 6 -33 -10 -22 -40 8 -21 6 -30 -15 -50 -28 -28 -114 -62 -125
-50 -6 7 43 189 66 246 9 21 37 22 75 2z"/>
<path d="M6195 1511 c-3 -5 20 -24 50 -41 30 -17 55 -36 55 -41 0 -8 -68 -238
-150 -510 l-30 -96 -51 -28 c-33 -18 -47 -30 -39 -35 9 -6 9 -9 -1 -13 -10 -4
-9 -6 3 -6 9 -1 30 -15 46 -32 33 -35 58 -34 64 3 3 22 6 23 121 26 64 1 117
7 117 11 0 5 -16 23 -35 40 -19 17 -35 37 -35 45 0 29 72 251 83 258 16 10
294 10 300 1 3 -5 -10 -56 -27 -115 -18 -60 -29 -108 -25 -108 18 0 8 -38 -16
-64 -29 -32 -32 -40 -7 -27 12 6 25 5 42 -5 14 -7 39 -14 55 -15 18 -1 9 -5
-25 -9 -43 -5 -28 -7 68 -8 67 -1 122 1 122 5 0 4 -18 23 -39 43 l-40 35 29
95 c15 52 53 181 84 285 31 105 60 200 65 211 5 12 35 36 65 54 31 17 56 36
56 41 0 5 -76 9 -179 9 -198 0 -202 -2 -148 -58 l27 -28 -25 -90 c-14 -49 -30
-104 -36 -121 l-11 -33 -154 0 c-121 0 -154 3 -154 13 0 8 14 60 31 118 25 86
38 111 70 144 21 23 39 44 39 48 0 11 -358 8 -365 -2z m152 -757 c-3 -3 -12
-4 -19 -1 -8 3 -5 6 6 6 11 1 17 -2 13 -5z"/>
<path d="M7378 1503 c-8 -10 -91 -167 -184 -350 -164 -322 -170 -333 -211
-354 -24 -12 -50 -30 -59 -40 -17 -18 -13 -19 129 -19 84 0 147 4 147 9 0 5
-17 23 -37 40 l-38 31 55 108 55 107 113 3 c85 2 113 -1 116 -10 3 -7 7 -57
10 -110 l6 -96 -62 -39 -63 -38 189 -3 c104 -1 192 0 195 4 3 3 -6 16 -21 29
-16 13 -28 27 -28 31 0 4 -7 12 -16 18 -14 10 -14 14 0 41 20 38 20 49 1 41
-8 -3 -15 -4 -16 -3 0 1 -10 139 -22 307 l-22 305 -111 3 c-96 2 -112 0 -126
-15z m73 -249 l4 -119 -70 0 c-68 0 -70 1 -73 26 -2 15 10 50 27 82 17 31 45
84 62 119 30 59 33 62 39 37 4 -15 9 -80 11 -145z"/>
<path d="M8606 1512 c-3 -4 20 -23 50 -41 30 -17 54 -38 54 -45 0 -7 -8 -40
-19 -72 -10 -33 -49 -164 -87 -293 l-68 -234 -44 -26 c-109 -64 -124 -60 249
-61 l335 0 27 89 c15 50 27 92 27 95 0 15 -23 2 -77 -44 l-58 -50 -132 0 c-72
0 -134 3 -136 8 -3 4 12 63 32 132 l37 125 34 3 c19 2 59 1 88 -3 49 -6 54 -9
78 -51 15 -25 31 -43 38 -41 14 5 87 235 84 266 -3 23 -6 22 -64 -28 -61 -50
-63 -51 -127 -51 -90 0 -96 9 -69 108 11 42 25 90 31 105 l11 28 111 -2 111
-2 26 -49 c40 -72 47 -67 87 60 9 29 14 59 11 67 -5 13 -53 15 -320 15 -173 0
-317 -4 -320 -8z m617 -9 c-13 -2 -33 -2 -45 0 -13 2 -3 4 22 4 25 0 35 -2 23
-4z"/>
</g>
</svg>
