<?xml version="1.0" standalone="no"?>
<!DOCTYPE svg PUBLIC "-//W3C//DTD SVG 20010904//EN"
 "http://www.w3.org/TR/2001/REC-SVG-20010904/DTD/svg10.dtd">
<svg version="1.0" xmlns="http://www.w3.org/2000/svg"
 width="1000.000000pt" height="200.000000pt" viewBox="0 0 1000.000000 200.000000"
 preserveAspectRatio="xMidYMid meet">
<metadata>
Created by potrace 1.16, written by Peter Selinger 2001-2019
</metadata>
<g transform="translate(0.000000,200.000000) scale(0.100000,-0.100000)"
fill="#000000" stroke="none">
<path d="M0 1000 l0 -1000 5000 0 5000 0 0 1000 0 1000 -5000 0 -5000 0 0
-1000z m4718 551 l-4 -29 137 -4 c126 -4 141 -6 195 -34 75 -37 104 -78 104
-148 0 -59 -33 -138 -73 -175 -15 -13 -50 -32 -79 -42 -48 -16 -53 -20 -56
-51 -9 -80 42 -214 104 -278 19 -20 34 -40 34 -44 0 -5 -32 -6 -72 -3 -127 11
-178 67 -221 245 -12 51 -24 92 -28 92 -3 0 -14 -28 -24 -62 -10 -35 -23 -81
-30 -102 -10 -33 -10 -42 1 -54 11 -10 11 -18 3 -34 -9 -17 -6 -25 15 -47 14
-15 26 -30 26 -34 0 -4 -87 -7 -192 -7 -213 1 -207 -2 -107 59 l45 28 42 140
c23 77 46 160 51 184 5 24 23 84 40 132 43 125 48 155 25 164 -31 11 -94 60
-87 67 3 3 33 6 65 6 49 0 58 3 58 18 0 16 17 42 28 42 2 0 2 -13 0 -29z
m3702 -37 c30 -9 65 -22 78 -30 l23 -15 -22 -35 c-11 -19 -31 -55 -43 -79 -25
-49 -45 -75 -56 -75 -4 0 -18 36 -30 80 -13 47 -30 85 -40 90 -25 14 -101 10
-137 -7 -72 -33 -113 -112 -80 -154 7 -8 60 -47 118 -86 58 -39 114 -84 124
-100 23 -35 31 -115 16 -169 -6 -23 -29 -62 -51 -87 -63 -72 -129 -102 -267
-122 -39 -6 -42 -9 -37 -31 7 -29 -19 -64 -48 -64 -25 0 -23 38 4 67 12 13 17
23 12 24 -5 0 -17 2 -28 4 -28 5 -46 -5 -46 -27 0 -26 -24 -18 -28 10 -2 14
-13 24 -30 28 -73 16 -102 25 -102 32 0 15 106 187 115 187 6 0 17 -22 25 -49
18 -55 58 -95 98 -97 119 -5 212 60 212 149 0 53 -30 89 -112 132 -107 56
-138 96 -138 177 0 114 86 213 224 259 49 16 165 10 246 -12z m-6956 -14 c68
-26 121 -82 130 -136 8 -51 -15 -135 -49 -180 -14 -19 -44 -43 -66 -55 -49
-24 -149 -34 -209 -20 -25 5 -49 6 -55 1 -5 -5 -17 -30 -24 -57 -77 -261 -244
-475 -446 -573 -79 -38 -176 -67 -129 -38 101 63 208 196 287 360 63 128 140
347 135 382 -1 13 4 32 13 43 9 10 28 61 42 113 29 100 26 116 -20 105 -18 -4
-23 -1 -23 14 0 11 -9 25 -20 31 -46 25 -15 30 180 30 176 0 206 -2 254 -20z
m590 11 c3 -4 -12 -22 -34 -40 -43 -35 -41 -28 -155 -416 -34 -115 -60 -213
-58 -217 2 -5 64 -8 137 -8 l133 0 57 50 c86 75 88 73 45 -72 -18 -59 -24 -67
-47 -70 -21 -2 -28 -10 -32 -33 -7 -40 -31 -39 -50 2 l-15 33 -275 0 c-305 1
-296 -2 -189 61 l44 26 88 294 c48 162 87 300 87 307 0 6 -24 26 -54 43 -30
18 -53 37 -50 41 7 11 361 10 368 -1z m834 -3 c6 -7 11 -50 11 -95 0 -45 3
-112 6 -150 2 -37 10 -147 16 -243 10 -167 12 -176 35 -193 13 -10 24 -24 24
-32 0 -7 7 -18 15 -25 8 -7 15 -16 15 -21 0 -5 -83 -9 -185 -9 -102 0 -185 3
-185 8 0 4 25 22 56 41 l57 34 -7 75 c-3 41 -6 90 -6 109 l0 34 -117 -3 -118
-3 -55 -106 -54 -106 37 -33 c20 -17 37 -36 37 -41 0 -5 -66 -9 -147 -9 -160
0 -162 1 -76 51 46 27 50 33 215 356 93 180 176 338 184 351 14 21 21 22 123
22 75 0 112 -4 119 -12z m562 3 c0 -5 -13 -20 -28 -33 -15 -13 -31 -29 -35
-35 -8 -13 56 -163 70 -163 5 0 47 38 93 85 69 69 82 87 70 95 -12 8 -10 10
10 10 24 1 24 1 5 12 -11 6 -23 16 -26 21 -4 5 -19 7 -33 5 -14 -3 -26 -1 -26
3 0 5 207 8 468 7 458 -3 467 -3 470 -23 3 -27 -40 -158 -55 -162 -6 -2 -24
19 -39 46 l-27 51 -107 0 c-74 0 -111 -4 -117 -12 -11 -14 -63 -190 -63 -213
0 -12 17 -15 79 -15 l79 0 60 50 c33 28 63 50 66 50 14 0 -5 -78 -70 -278 -7
-22 -27 -8 -54 39 l-26 44 -82 3 c-69 2 -82 0 -90 -15 -18 -35 -73 -234 -67
-243 3 -6 51 -10 106 -10 l100 0 5 30 c8 39 29 57 48 40 11 -8 12 -18 6 -36
-14 -37 6 -30 67 22 30 26 57 43 60 40 8 -8 -27 -152 -41 -172 -9 -12 -61 -14
-341 -12 l-330 3 46 30 c26 17 54 35 64 40 10 6 32 64 57 148 38 131 39 139
23 157 -23 26 -16 55 15 55 22 0 27 10 57 105 50 161 50 154 9 178 -20 12 -42
22 -49 24 -18 4 -373 -337 -386 -371 -18 -44 -81 -267 -81 -284 0 -9 16 -28
35 -43 19 -14 35 -30 35 -34 0 -11 -118 -28 -127 -19 -5 5 -65 10 -133 11
l-125 3 46 30 c26 17 54 35 64 40 14 9 114 306 115 342 0 7 -30 73 -66 146
-61 124 -69 135 -111 157 -43 23 -44 24 -21 34 22 9 22 10 -12 16 -19 4 49 8
153 9 107 0 187 -3 187 -8z m2515 -6 c133 -35 185 -128 141 -253 -44 -123
-154 -169 -326 -139 l-45 8 -30 -93 c-40 -124 -112 -265 -179 -348 -86 -106
-249 -218 -346 -236 -34 -7 -34 -6 34 56 37 35 89 94 116 131 26 38 51 65 56
61 5 -4 6 -3 3 1 -4 5 17 59 46 120 75 159 215 587 202 620 -3 8 -28 27 -56
42 -28 16 -48 32 -45 36 10 16 364 11 429 -6z m595 8 c0 -4 -18 -25 -39 -48
-32 -33 -45 -58 -70 -144 -17 -58 -31 -110 -31 -118 0 -10 33 -13 154 -13
l154 0 11 33 c6 17 22 72 36 121 l25 90 -27 28 c-54 56 -50 58 148 58 103 0
179 -4 179 -9 0 -5 -25 -24 -56 -41 -30 -18 -60 -42 -65 -54 -5 -11 -34 -106
-65 -211 -31 -104 -69 -233 -84 -285 l-29 -95 40 -35 c21 -20 39 -39 39 -43 0
-4 -55 -6 -122 -5 -96 1 -111 3 -68 8 34 4 43 8 25 9 -16 1 -41 8 -55 15 -17
10 -30 11 -42 5 -25 -13 -22 -5 7 27 24 26 34 64 16 64 -4 0 7 48 25 108 17
59 30 110 27 115 -6 9 -284 9 -300 -1 -11 -7 -83 -229 -83 -258 0 -8 16 -28
35 -45 19 -17 35 -35 35 -40 0 -4 -53 -10 -117 -11 -115 -3 -118 -4 -121 -26
-6 -37 -31 -38 -64 -3 -16 17 -37 31 -46 32 -12 0 -13 2 -3 6 10 4 10 7 1 13
-8 5 6 17 39 35 l51 28 30 96 c82 272 150 502 150 510 0 5 -25 24 -55 41 -30
17 -53 36 -50 41 7 10 365 13 365 2z m1077 -303 c12 -168 22 -306 22 -307 1
-1 8 0 16 3 19 8 19 -3 -1 -41 -14 -27 -14 -31 0 -41 9 -6 16 -14 16 -18 0 -4
12 -18 28 -31 15 -13 24 -26 21 -29 -3 -4 -91 -5 -195 -4 l-189 3 63 38 62 39
-6 96 c-3 53 -7 103 -10 110 -3 9 -31 12 -116 10 l-113 -3 -55 -107 -55 -108
38 -31 c20 -17 37 -35 37 -40 0 -5 -63 -9 -147 -9 -142 0 -146 1 -129 19 9 10
35 28 59 40 41 21 47 32 211 354 93 183 176 340 184 350 14 15 30 17 126 15
l111 -3 22 -305z m1609 295 c3 -8 -2 -38 -11 -67 -40 -127 -47 -132 -87 -60
l-26 49 -111 2 -111 2 -11 -28 c-6 -15 -20 -63 -31 -105 -27 -99 -21 -108 69
-108 64 0 66 1 127 51 58 50 61 51 64 28 3 -31 -70 -261 -84 -266 -7 -2 -23
16 -38 41 -24 42 -29 45 -78 51 -29 4 -69 5 -88 3 l-34 -3 -37 -125 c-20 -69
-35 -128 -32 -132 2 -5 64 -8 136 -8 l132 0 58 50 c54 46 77 59 77 44 0 -3
-12 -45 -27 -95 l-27 -89 -335 0 c-373 1 -358 -3 -249 61 l44 26 68 234 c38
129 77 260 87 293 11 32 19 65 19 72 0 7 -24 28 -54 45 -30 18 -53 37 -50 41
3 4 147 8 320 8 267 0 315 -2 320 -15z"/>
<path d="M4853 1413 c-23 -60 -70 -239 -64 -246 13 -13 102 25 137 59 37 37
58 99 48 140 -12 48 -106 85 -121 47z"/>
<path d="M1297 1414 c-31 -106 -67 -233 -67 -238 0 -13 53 -5 90 14 55 28 92
81 97 138 4 40 1 50 -20 70 -13 12 -40 25 -60 29 -28 4 -36 2 -40 -13z"/>
<path d="M1308 1113 c7 -3 16 -2 19 1 4 3 -2 6 -13 5 -11 0 -14 -3 -6 -6z"/>
<path d="M1005 1029 c-11 -17 1 -21 15 -4 8 9 8 15 2 15 -6 0 -14 -5 -17 -11z"/>
<path d="M2633 1281 c-81 -156 -82 -151 17 -145 25 1 53 3 64 3 18 1 18 8 11
123 -4 67 -10 130 -14 139 -4 13 -26 -19 -78 -120z"/>
<path d="M3833 1503 c9 -2 25 -2 35 0 9 3 1 5 -18 5 -19 0 -27 -2 -17 -5z"/>
<path d="M3140 1476 c0 -2 7 -7 16 -10 8 -3 12 -2 9 4 -6 10 -25 14 -25 6z"/>
<path d="M5825 1413 c-23 -57 -72 -239 -66 -246 11 -12 97 22 125 50 21 20 23
29 15 50 -11 30 -3 46 22 40 13 -4 19 2 24 23 8 36 -8 66 -45 85 -38 20 -66
19 -75 -2z"/>
<path d="M6328 753 c7 -3 16 -2 19 1 4 3 -2 6 -13 5 -11 0 -14 -3 -6 -6z"/>
<path d="M7401 1362 c-17 -35 -45 -88 -62 -119 -17 -32 -29 -67 -27 -82 3 -25
5 -26 73 -26 l70 0 -4 119 c-2 65 -7 130 -11 145 -6 25 -9 22 -39 -37z"/>
<path d="M9178 1503 c12 -2 32 -2 45 0 12 2 2 4 -23 4 -25 0 -35 -2 -22 -4z"/>
</g>
</svg>
